64.555
198.858
206.921
101.756
101.445
91.5029
50.8542
43.9097
61.5673
56.0141
44.3897
35.9459
51.9665
25.0948
23.778
16.7036
27.6264
29.2654
30.3577
25.1459
28.395
18.9947
19.9122
22.7951
23.6862
19.6766
17.412
17.6556
17.9856
14.165
16.4195
11.8969
13.8147
10.4816
11.6
10.9581
9.13199
10.0148
8.13695
8.76741
7.45414
8.18323
6.71661
6.38847
5.61511
6.66945
5.6684
5.95939
4.95533
5.16984
5.34132
4.58069
5.18794
3.78001
3.95945
4.96114
4.33146
3.53345
4.88236
4.38515
3.71779
4.04625
4.39644
3.62217
4.79149
3.66299
4.11086
3.93752
4.60981
4.30395
3.71779
4.10223
3.89334
4.22489
3.36747
4.75199
4.18448
4.08835
3.67634
3.3847
4.44102
3.82439
3.4174
3.25107
3.51677
4.24396
3.59791
3.72473
2.74888
3.51375
3.64467
3.17409
3.29902
2.89173
3.25321
2.37248
2.96972
2.92945
2.9454
2.78449
2.56357
2.14865
2.92737
2.49129
3.18367
2.04598
2.43391
2.30773
2.578
2.07585
2.1263
2.57868
1.43856
2.30391
1.94689
1.57728
1.49836
1.99124
1.55215
1.83859
1.18511
1.31627
1.57328
1.65577
1.87192
1.57898
1.48058
1.15938
1.24209
1.19115
1.8337
1.83826
2.0681
1.86648
1.71495
2.15685
1.70148
1.58904
1.31115
1.89573
1.10716
1.44408
1.3068
1.12559
1.01642
1.01658
1.00755
1.33618
0.886435
1.64264
1.77553
2.31148
1.47525
1.74514
1.48347
1.4885
1.59728
1.27063
1.02066
1.40826
10.0056
10.0364
0.783189
0.702647
0.701437
0.673332
0.815706
0.823076
0.737593
0.883125
0.898101
0.597282
0.6029
0.616713
0.496686
0.748644
0.911137
0.306155
10.0099
10.014
0.528857
0.436773
0.703486
0.696786
0.619298
0.449334
0.467915
0.410191
0.31888
0.316185
0.321455
0.325045
0.0930767
9.99832
14.2454
9.99634
0.51154
0.31404
0.242989
0.108783
10.0016
0.0292199
10
14.1621
0.277718
0.120723
0.0994186
0.096898
0.0676882
0.0973376
0.0458536
0.0245155
0.0115554
10
10.0281
0.100338
0.0376054
0.0157591
10
10.0455
0.108753
0.036611
0.108866
0.0413413
0.0403084
0.0467271
0.0782497
0.0390218
0.0345659
9.99899
10.0365
0.0676475
0.0323526
0.0483169
0.0233038
0.040768
0.0396332
0.0407249
0.0387508
0.0380247
0.0324271
0.0346139
0.0301135
0.0244961
0.0280046
10.0004
10.007
0.0760413
0.0191078
0.0463837
0.0228558
9.99533
10.0088
0.0235751
0.051226
0.0203007
0.0162304
0.0161155
0.0199172
0.0193994
0.0177103
0.0226225
0.0306553
0.0373136
0.0339405
0.024812
0.0310994
0.02842
0.0312772
0.036072
0.0370165
0.0399549
0.0570535
10.0077
10.0013
0.0150122
0.0351807
9.99667
10.0151
0.0446663
0.0149758
0.0314708
0.0130083
0.0278558
0.0213952
0.0250101
0.0235974
0.0251029
0.021833
0.0210986
0.0252664
0.0321967
0.0340987
0.0281973
0.0201746
0.0174088
0.0170326
0.0166737
0.0178138
0.0191044
0.0179893
0.0153737
0.0137827
0.0133193
0.0131439
0.0139804
0.0167572
0.0152205
0.0116543
0.0103762
0.00897369
0.0072796
0.00905769
0.0105368
0.0103624
0.0106467
0.0111746
0.0113834
0.0121095
0.014571
0.0162896
0.0151243
0.0127349
0.0102197
0.00723219
0.00482142
0.00449481
0.00623708
0.00877612
0.00994394
0.00869215
0.00690595
0.00563382
0.0046299
0.00414945
0.00518643
0.00877302
0.0151153
0.0210495
0.0201507
0.0137386
0.011875
0.0153639
0.0172956
0.0141763
0.0111076
0.00888519
0.0119113
0.0152642
0.0152172
0.0158259
0.0188565
0.0159051
0.01268
0.0092723
0.00975276
0.0105449
0.0101161
0.00720935
0.00736971
0.0094509
0.00678912
0.0074249
0.00975781
0.010637
0.00954593
0.016152
0.0165636
0.00834412
0.00626507
9.99936
10.0085
0.0121096
0.0247723
0.0126577
0.00510809
0.00520233
0.00459233
0.00747898
0.00987305
0.0105399
9.99951
10.0003
0.0119619
0.00741884
0.00184445
0.00538949
0.00475864
0.00548877
0.00612795
0.011626
0.0104118
0.00382694
0.00134439
0.00200746
0.00265233
0.00364441
0.00461306
0.00779529
10.0004
10.0013
0.00549559
0.00329339
0.00128861
0.0030833
0.00458069
0.00741497
10.0001
9.99763
0.00611043
0.00494408
0.00195664
0.00283167
0.00213856
0.00315692
0.00383837
0.00479829
0.00593604
0.00761511
0.00509137
0.00144214
0.000542227
0.00109944
0.00160682
0.00278143
0.00460276
0.00759298
0.0105382
0.00980912
0.005314
0.00191897
0.000512757
0.000816437
0.00110849
0.00165684
0.00274462
0.00605051
0.00616812
10
10.0012
0.0150209
0.00480053
0.00253148
0.000859664
0.00351067
0.00559917
0.0100335
0.015725
0.019951
0.0161846
0.0104294
0.00505423
0.00141074
0.00195662
0.00311279
0.00511507
0.00828567
0.0128281
0.0171878
0.0161623
0.0134778
0.0150915
0.00688801
0.00230139
0.00410988
0.00570349
0.00876378
0.0117477
0.0138997
0.00421896
10
10.0019
9.99973
10.002
10.0003
10.0058
0.00964651
0.0100144
0.00227782
0.000864256
0.00157931
0.00187212
0.00309074
0.00442495
0.00611756
0.00746273
0.005542
10.0009
9.98667
0.0140544
0.0090495
0.00380252
0.000911535
0.000302172
0.00083689
0.00115369
0.00209549
0.00176943
10.0003
9.99996
0.00103821
0.00445228
0.000884638
0.0053915
9.99981
9.99857
0.00102203
0.00308128
0.000991266
0.00400643
10.0002
10.0015
0.00146087
0.00635832
0.00228643
0.0106815
0.0127948
0.0150085
0.00725836
0.0031715
0.0011264
0.00106287
0.00195456
0.00304228
0.00505542
0.0081478
0.00646848
10.0003
10.0008
0.00405752
0.009635
0.00136659
0.00568633
0.00262883
10.0001
10.0003
0.0020572
0.00533645
0.000928513
0.00506845
9.99997
9.99984
0.0020904
0.00831233
0.00354591
0.00830778
0.0051985
0.00769345
0.0166637
0.0120044
0.00256335
0.000144947
9.38913e-05
0.000245423
0.000354378
0.000617827
0.000991771
0.00164592
0.00274722
0.00473936
0.00807457
0.0115039
0.0103427
0.00500229
0.00172526
0.000351809
5.18017e-05
0.000188537
0.00023269
0.000406251
0.000588924
0.00081559
0.00087698
0.00092141
0.00163996
0.00136667
0.000396609
4.48615e-05
3.42314e-05
6.5908e-05
0.000100099
0.000166819
0.000268449
0.000438544
0.000714353
0.00116997
0.00192182
0.00315943
0.00255895
9.99988
10.0086
0.00198249
0.00153798
10
10.0021
0.0165876
0.0073346
0.000206824
0.00063846
0.000534157
0.00114152
0.00164684
0.00266638
0.00399257
10
10.0025
0.0024614
0.0112128
0.00102821
0.000151056
0.000659447
0.000614764
0.00125396
0.0018469
0.00301787
10.0001
10.0017
0.00179006
0.00616314
0.000225207
0.000461687
0.000691924
0.0011265
0.00181829
0.00148036
10.0003
10.0008
0.00142859
0.00610807
0.000674247
0.000366032
0.000552935
0.00083604
0.00139151
0.00223491
10.0007
10.0014
0.00403071
0.00403796
0.00477946
0.0010006
0.000585106
0.000882398
0.00144016
0.00229879
0.00365919
0.00570985
0.00429136
9.99997
10.0134
0.00840072
0.00384081
10.001
9.96998
0.0222696
0.00652143
0.000984247
0.00395503
0.00453441
0.00767094
9.99989
9.99872
0.00331021
0.00794723
0.000666213
9.99979
9.99805
0.00251201
0.0021981
0.000726863
0.000876435
0.00113285
0.0019098
0.00298692
10
9.99875
0.00263885
0.00191223
0.000985839
0.000140582
9.99999
9.9997
0.000550353
0.00369985
0.00477588
0.00444837
0.00399877
0.00441172
0.00455896
0.00514755
0.00289546
0.022441
0.00500438
0.0021502
0.000134171
3.73e-05
0.000116506
0.000152933
0.00026866
0.000419213
0.000681793
0.0010854
0.00172455
0.00134409
9.99996
9.99841
0.00319751
0.0135586
0.000515674
0.000328087
0.000205459
0.000524401
0.000723371
0.0012422
0.0019486
0.00155782
9.99995
9.99532
0.00193999
0.0103228
0.00058395
0.00396231
0.00428947
0.00175954
10.0001
9.99799
0.00134818
0.00166771
0.000476567
0.00124558
0.00128735
9.99991
9.99959
0.000607521
0.00171244
0.000233545
0.000844833
10.0001
9.99971
0.000322792
0.000863621
9.99994
9.99994
0.000380371
0.00157086
0.000535213
10.0005
9.9985
0.00180077
0.00361508
0.00280154
0.00338414
0.00322418
0.00491035
0.0067725
10
9.99927
0.00094253
0.000656611
10
9.99996
0.000462783
0.00184532
0.00200271
0.00111302
10
9.99821
0.016811
0.0047956
0.0165093
0.0232223
0.0297476
0.0126615
0.00231913
0.000397978
6.93475e-05
0.000241042
0.000288156
0.000519855
0.000801586
0.00131601
0.00210962
0.00340509
0.00544596
0.00859678
0.0130763
0.0180918
0.00486214
10.001
9.97
0.0521839
0.0130614
0.0277093
0.00458557
0.000643736
0.000318205
0.000805659
0.00110052
0.00184894
0.00274261
0.00381932
0.00432128
0.00246598
0.00216012
0.00120798
10.0001
9.99381
0.0155495
0.00703531
3.63853e-05
0.000168649
0.000164097
0.000326321
0.000485616
0.000803215
0.00126466
0.00198265
0.00293196
0.00379836
0.00356302
0.00415713
0.00747968
0.00498158
0.00106888
7.58342e-05
2.36824e-05
8.34383e-05
0.00010746
0.000191506
0.00029993
0.000493791
0.000799402
0.00130676
0.000800999
9.99996
9.99864
0.000966884
0.00592731
0.000127715
0.000988965
0.000766054
0.00174939
0.00250852
0.00422399
0.0018566
10
9.99775
0.00323405
0.00978576
6.88762e-05
0.000608749
0.00073175
0.00133563
0.00205984
0.00126253
10
9.99827
0.00172867
0.00378308
0.00100658
0.000379395
10
9.99936
0.000783974
0.000303835
0.000414622
0.000657174
0.0010597
0.00172005
0.00279205
0.0044906
9.99966
9.99901
0.00206167
0.00531811
0.00052663
0.000944169
10
10.0001
0.000502896
0.00120781
0.00025145
0.000521039
9.99997
9.99998
0.000336317
0.000863692
0.000177285
0.000373138
10
10
0.000296098
0.000640731
10
9.99996
0.000413676
0.00173802
9.99998
10
10
9.99924
0.00140114
0.00833684
0.00541837
0.00879185
0.00858074
0.00825858
0.00784919
0.00648456
0.00256492
0.000617282
0.000147925
5.82834e-05
8.96234e-05
0.00013609
0.000225283
0.000362777
0.000590108
0.000955429
0.00154858
0.00250585
0.00404252
0.00645604
0.010018
0.0143494
0.0165051
0.00287282
0.00283129
9.99996
9.99436
0.00706986
0.010705
0.00275247
0.000268005
6.56025e-05
0.000192981
0.000246547
0.000438436
0.000685378
0.00112215
0.00178442
0.000693523
9.99997
9.99995
0.000911061
0.00309746
8.8667e-05
0.000362103
0.000346678
0.000694951
0.00103585
9.99999
9.99998
0.000477417
0.00148828
0.000169331
0.00131714
10
9.99999
0.000285237
0.00214162
0.000444943
10
9.99994
0.000503204
0.00352707
0.00108819
0.00442079
0.00522644
0.00844398
0.00997162
0.0105584
0.0150499
0.0145721
0.00532939
0.000677637
6.78421e-05
1.22998e-05
6.71448e-05
7.95754e-05
0.000147266
0.000227575
0.000376408
0.000607646
0.00099349
0.00162613
0.0010076
9.99995
9.99993
0.00108373
0.00393774
0.000148949
0.000993833
0.00091377
0.000933414
10
10
0.000608507
0.00229817
0.000312668
0.00135553
9.99999
9.99992
0.000344857
0.000612884
7.10102e-05
0.000189221
10
10
8.09455e-05
0.000278963
6.63427e-05
0.000172193
10
9.99999
7.041e-05
0.0002875
6.59459e-05
0.00037393
10
9.99987
0.00106691
0.000844396
0.00161117
0.00186976
0.00233801
0.00270463
0.00355868
0.00142058
9.99996
9.99896
0.00643744
10.0017
10.0003
10
9.9993
0.00323412
10
10
0.000177118
9.99999
10
0.0013459
10
9.99995
0.000264699
0.000483889
8.09335e-05
0.000492721
0.000555676
9.99987
0.00042993
9.99999
10.0002
0.00230063
9.99998
9.99998
0.000495876
0.00174301
0.000876791
10.0001
0.00172462
0.00264737
0.00040392
0.000755013
10
9.99999
0.000321244
0.00195477
0.000408188
10
9.99992
9.99956
10.0003
0.0155451
0.00498149
0.00778694
0.0175019
0.0126217
0.00176508
7.94991e-05
2.47454e-05
9.4932e-05
0.000124057
0.000226259
0.000355903
0.000587906
0.000950169
0.00154623
0.00250385
0.00403015
0.00633629
10.0042
9.99557
0.021378
0.0163029
0.0133124
0.000487273
0.000598501
6.87669e-05
3.49825e-05
8.8817e-06
4.51279e-05
5.39824e-05
0.000100349
0.000155144
0.000256044
0.00041115
0.000665718
0.00107092
0.00171528
0.00270957
0.00155698
9.99997
10.0001
0.00161849
0.00510802
0.000225651
0.00122704
9.99999
10
0.000311841
0.000620561
7.39921e-05
0.000636088
9.99999
9.99999
0.000172119
0.000321684
5.03947e-05
0.000153089
10
10
9.21243e-05
0.00018564
2.09685e-05
3.96057e-05
10
10
2.1194e-05
8.6078e-05
1.98659e-05
10
10
0.00040372
0.000272997
0.00145169
0.00185474
0.00318836
0.00463723
0.00651099
0.00818561
0.00948371
0.00704692
0.0023845
0.000362278
3.48809e-05
2.44125e-06
1.18773e-05
1.41918e-05
2.61339e-05
4.03813e-05
6.65916e-05
0.000107103
0.000173977
0.000281736
0.000457247
0.000742352
0.00120577
0.00195306
0.00312486
0.00480391
0.00660675
0.00154491
10.0001
10.0013
0.00407622
0.00487898
6.95294e-05
0.000343838
0.000284472
0.000625062
0.000451438
10
10.0001
0.000303648
0.000952033
0.000125673
0.000153887
10
9.99999
9.41341e-05
0.000176376
1.16843e-05
7.49035e-05
8.78999e-05
10
10
3.7742e-05
7.99775e-05
1.57769e-05
1.81557e-05
10
10
7.26614e-06
1.619e-05
1.8789e-06
1.41366e-05
8.52581e-06
10
10
5.19436e-06
1.34249e-05
2.57472e-06
1.07322e-05
10
10
6.07082e-06
1.34916e-05
2.90571e-06
1.48659e-05
1.7579e-05
3.23576e-05
4.99098e-05
8.22636e-05
0.000132131
0.000213969
0.000343557
0.000544954
0.000832982
0.00116251
0.00135604
0.00154651
0.00194053
0.0012054
0.000277359
2.70475e-05
2.65401e-06
1.10843e-06
3.54756e-06
4.65677e-06
8.20476e-06
1.28621e-05
2.10681e-05
3.39335e-05
5.50102e-05
8.89661e-05
0.000144034
0.000233148
0.000377552
0.000611603
0.000991236
0.00160709
0.00260431
0.00420537
0.0067037
0.0102802
0.014222
0.0158759
0.00846665
0.00666507
0.00347789
0.00269174
10
10.012
0.0181849
0.000550441
0.000151458
2.07718e-05
2.22741e-06
3.19548e-06
4.4258e-06
7.56962e-06
1.19838e-05
1.95438e-05
3.15129e-05
5.10211e-05
8.24404e-05
0.000133203
0.000214898
0.000345857
0.000553667
0.000876018
0.00134901
0.00194973
10
9.99984
0.00116604
0.00301111
1.41922e-05
6.48293e-05
7.32529e-05
0.00013783
0.000210899
0.000348736
0.000279003
10
10.0001
0.000198982
0.000701918
1.58356e-05
5.57274e-05
7.38616e-05
0.00012775
0.000200839
0.000122743
10
10
0.000104562
0.000373288
1.7335e-06
9.06958e-06
8.04264e-06
1.71436e-05
2.51379e-05
4.22475e-05
6.73456e-05
10
10
3.14458e-05
0.000102967
1.61633e-06
6.55443e-06
7.69272e-06
1.42555e-05
2.19206e-05
1.01773e-05
10
10
1.08964e-05
3.93669e-05
3.28551e-06
1.2323e-05
1.48335e-05
2.72109e-05
10
10
2.07881e-05
5.029e-05
2.83412e-06
2.33393e-06
3.82701e-06
6.08356e-06
9.90822e-06
1.60008e-05
2.59268e-05
4.19673e-05
6.79933e-05
0.000110218
0.000178891
0.000290915
0.000474657
0.000778777
0.00128994
0.000814213
10
10.0011
0.00169375
10
10.0062
0.00796931
10.0001
10.0003
10.0001
10.0004
0.00213273
0.000166993
0.00102072
0.00104211
0.00100128
10.0002
10
0.000917871
0.00256696
0.000102969
0.00052305
0.000282294
10
10.0001
0.000172098
0.000621991
0.000149204
0.000304594
10
10.0001
0.000129558
0.000315867
4.61312e-05
6.66617e-05
10
10
5.05767e-05
0.000134117
2.98488e-05
0.000124612
9.99998
9.99999
10
10
0.000154576
4.34675e-05
1.35869e-05
3.35829e-05
4.59289e-05
7.98436e-05
10
10
9.99999
9.99999
5.22635e-05
8.03833e-05
4.5377e-05
0.000127891
6.52991e-05
10
10
0.000166035
0.0001026
9.99999
10
1.99489e-05
6.76873e-05
1.92879e-05
8.91377e-05
0.000105032
0.000199208
0.000306328
10
10
0.000125203
10.0001
0.00060337
14.1422
9.99999
10.0001
0.000357132
10.0001
10
10
9.99996
10
10
10
2.49455e-05
10
10
2.53191e-05
2.44272e-05
1.52656e-05
3.87383e-05
5.31731e-05
9.13333e-05
0.000143952
0.000234808
0.000141821
10
10
0.000248348
0.000331279
2.53377e-06
1.41328e-05
1.11796e-05
2.4971e-05
3.60688e-05
10
10
3.28452e-05
3.90333e-05
10
10
1.9238e-05
9.42171e-06
1.60786e-05
4.69542e-06
1.77941e-06
2.15906e-06
3.82668e-06
6.0012e-06
9.84044e-06
1.58506e-05
2.56998e-05
1.55863e-05
10
10
1.33872e-05
4.92599e-05
9.32859e-06
10
10
4.62205e-06
1.77873e-05
10
10
4.98816e-06
1.56352e-05
3.30532e-06
3.70641e-06
4.70395e-06
3.13017e-06
10
10
2.61641e-06
8.14372e-06
8.08511e-07
